[[  1.60000000e+02   1.65000000e+02   2.61070872e+00   2.00000000e+00]
 [  6.70000000e+01   1.06000000e+02   2.65471279e+00   2.00000000e+00]
 [  1.30000000e+01   5.00000000e+01   2.94961014e+00   2.00000000e+00]
 [  8.00000000e+00   9.00000000e+00   3.27007645e+00   2.00000000e+00]
 [  1.01000000e+02   1.19000000e+02   3.47925279e+00   2.00000000e+00]
 [  1.68000000e+02   1.74000000e+02   3.88500965e+00   2.00000000e+00]
 [  6.10000000e+01   8.50000000e+01   4.00372327e+00   2.00000000e+00]
 [  1.23000000e+02   1.25000000e+02   4.46960848e+00   2.00000000e+00]
 [  1.24000000e+02   1.85000000e+02   4.61326349e+00   3.00000000e+00]
 [  8.60000000e+01   1.16000000e+02   4.67362814e+00   2.00000000e+00]
 [  4.30000000e+01   6.00000000e+01   4.78464210e+00   2.00000000e+00]
 [  1.32000000e+02   1.77000000e+02   4.78493469e+00   2.00000000e+00]
 [  1.05000000e+02   1.08000000e+02   4.98254955e+00   2.00000000e+00]
 [  2.20000000e+01   2.90000000e+01   5.18481437e+00   2.00000000e+00]
 [  1.10000000e+01   2.70000000e+01   5.29867908e+00   2.00000000e+00]
 [  9.90000000e+01   1.15000000e+02   5.32056388e+00   2.00000000e+00]
 [  1.75000000e+02   1.76000000e+02   5.35888981e+00   2.00000000e+00]
 [  6.50000000e+01   1.09000000e+02   5.41789627e+00   2.00000000e+00]
 [  1.00000000e+01   3.10000000e+01   5.41997232e+00   2.00000000e+00]
 [  1.61000000e+02   1.63000000e+02   5.43518169e+00   2.00000000e+00]
 [  1.37000000e+02   1.42000000e+02   5.97158270e+00   2.00000000e+00]
 [  1.59000000e+02   1.64000000e+02   5.97646216e+00   2.00000000e+00]
 [  6.30000000e+01   1.03000000e+02   6.02668234e+00   2.00000000e+00]
 [  3.60000000e+01   4.40000000e+01   6.17615576e+00   2.00000000e+00]
 [  4.60000000e+01   4.80000000e+01   6.23825296e+00   2.00000000e+00]
 [  2.30000000e+01   3.80000000e+01   6.36845350e+00   2.00000000e+00]
 [  3.20000000e+01   4.70000000e+01   6.48193644e+00   2.00000000e+00]
 [  6.20000000e+01   1.20000000e+02   6.61083958e+00   2.00000000e+00]
 [  8.30000000e+01   1.78000000e+02   6.80707720e+00   3.00000000e+00]
 [  1.14000000e+02   1.86000000e+02   7.29488862e+00   4.00000000e+00]
 [  9.80000000e+01   1.72000000e+02   7.63179533e+00   2.00000000e+00]
 [  8.70000000e+01   1.82000000e+02   7.73605196e+00   3.00000000e+00]
 [  1.36000000e+02   1.55000000e+02   7.76588050e+00   2.00000000e+00]
 [  1.00000000e+00   1.81000000e+02   7.83291772e+00   3.00000000e+00]
 [  1.12000000e+02   1.33000000e+02   8.13824920e+00   2.00000000e+00]
 [  1.88000000e+02   1.97000000e+02   8.21384198e+00   4.00000000e+00]
 [  7.20000000e+01   1.71000000e+02   8.24283250e+00   2.00000000e+00]
 [  8.80000000e+01   1.04000000e+02   8.25576768e+00   2.00000000e+00]
 [  9.20000000e+01   1.07000000e+02   8.28180536e+00   2.00000000e+00]
 [  9.70000000e+01   1.13000000e+02   8.49109534e+00   2.00000000e+00]
 [  2.80000000e+01   3.50000000e+01   8.71871550e+00   2.00000000e+00]
 [  7.10000000e+01   1.93000000e+02   8.75666032e+00   3.00000000e+00]
 [  1.34000000e+02   1.48000000e+02   8.86599120e+00   2.00000000e+00]
 [  3.00000000e+01   5.80000000e+01   9.19089767e+00   2.00000000e+00]
 [  1.29000000e+02   1.38000000e+02   9.22796836e+00   2.00000000e+00]
 [  8.20000000e+01   8.90000000e+01   9.47598544e+00   2.00000000e+00]
 [  5.10000000e+01   5.70000000e+01   9.52865678e+00   2.00000000e+00]
 [  6.60000000e+01   1.79000000e+02   9.62210476e+00   3.00000000e+00]
 [  1.10000000e+02   1.62000000e+02   9.74282813e+00   2.00000000e+00]
 [  3.40000000e+01   4.20000000e+01   1.00546954e+01   2.00000000e+00]
 [  5.90000000e+01   8.40000000e+01   1.00927449e+01   2.00000000e+00]
 [  1.70000000e+01   5.50000000e+01   1.01335137e+01   2.00000000e+00]
 [  1.40000000e+02   2.12000000e+02   1.01883168e+01   3.00000000e+00]
 [  1.87000000e+02   2.16000000e+02   1.02701363e+01   4.00000000e+00]
 [  6.00000000e+00   1.92000000e+02   1.03446750e+01   3.00000000e+00]
 [  0.00000000e+00   5.40000000e+01   1.03928052e+01   2.00000000e+00]
 [  1.46000000e+02   2.00000000e+02   1.05349419e+01   3.00000000e+00]
 [  1.26000000e+02   1.28000000e+02   1.08234514e+01   2.00000000e+00]
 [  7.40000000e+01   1.57000000e+02   1.08498802e+01   2.00000000e+00]
 [  9.00000000e+01   1.56000000e+02   1.08715822e+01   2.00000000e+00]
 [  1.53000000e+02   1.95000000e+02   1.09886851e+01   3.00000000e+00]
 [  9.40000000e+01   1.17000000e+02   1.11191007e+01   2.00000000e+00]
 [  1.47000000e+02   1.99000000e+02   1.11566931e+01   3.00000000e+00]
 [  1.70000000e+02   1.98000000e+02   1.11684198e+01   3.00000000e+00]
 [  7.90000000e+01   1.27000000e+02   1.12073280e+01   2.00000000e+00]
 [  6.80000000e+01   1.83000000e+02   1.13121616e+01   3.00000000e+00]
 [  7.50000000e+01   1.02000000e+02   1.14464449e+01   2.00000000e+00]
 [  4.10000000e+01   1.91000000e+02   1.14581019e+01   3.00000000e+00]
 [  6.40000000e+01   2.39000000e+02   1.18355988e+01   3.00000000e+00]
 [  8.10000000e+01   1.00000000e+02   1.18361480e+01   2.00000000e+00]
 [  1.35000000e+02   1.67000000e+02   1.21644770e+01   2.00000000e+00]
 [  1.90000000e+01   1.44000000e+02   1.21765184e+01   2.00000000e+00]
 [  2.00000000e+00   5.20000000e+01   1.22969915e+01   2.00000000e+00]
 [  8.00000000e+01   9.30000000e+01   1.23816598e+01   2.00000000e+00]
 [  1.43000000e+02   1.89000000e+02   1.27569393e+01   3.00000000e+00]
 [  2.08000000e+02   2.20000000e+02   1.28413473e+01   4.00000000e+00]
 [  1.30000000e+02   1.69000000e+02   1.34256545e+01   2.00000000e+00]
 [  2.06000000e+02   2.41000000e+02   1.34844614e+01   6.00000000e+00]
 [  2.50000000e+01   1.94000000e+02   1.35166490e+01   3.00000000e+00]
 [  2.14000000e+02   2.37000000e+02   1.36285284e+01   4.00000000e+00]
 [  3.90000000e+01   7.80000000e+01   1.36734780e+01   2.00000000e+00]
 [  1.11000000e+02   1.90000000e+02   1.38505307e+01   3.00000000e+00]
 [  7.70000000e+01   1.50000000e+02   1.40459033e+01   2.00000000e+00]
 [  2.13000000e+02   2.38000000e+02   1.40998050e+01   7.00000000e+00]
 [  2.19000000e+02   2.34000000e+02   1.44298441e+01   6.00000000e+00]
 [  2.21000000e+02   2.32000000e+02   1.44326851e+01   5.00000000e+00]
 [  7.60000000e+01   2.07000000e+02   1.51555666e+01   5.00000000e+00]
 [  9.10000000e+01   1.84000000e+02   1.51906089e+01   3.00000000e+00]
 [  4.90000000e+01   2.24000000e+02   1.52540552e+01   3.00000000e+00]
 [  7.00000000e+00   1.60000000e+01   1.53305512e+01   2.00000000e+00]
 [  2.09000000e+02   2.52000000e+02   1.54670682e+01   6.00000000e+00]
 [  3.70000000e+01   2.27000000e+02   1.56654588e+01   3.00000000e+00]
 [  7.00000000e+01   2.01000000e+02   1.63505467e+01   3.00000000e+00]
 [  2.40000000e+01   1.45000000e+02   1.66120980e+01   2.00000000e+00]
 [  2.10000000e+01   1.41000000e+02   1.67830897e+01   2.00000000e+00]
 [  2.05000000e+02   2.40000000e+02   1.71938070e+01   5.00000000e+00]
 [  2.17000000e+02   2.44000000e+02   1.72129399e+01   4.00000000e+00]
 [  2.10000000e+02   2.47000000e+02   1.72930795e+01   4.00000000e+00]
 [  2.00000000e+01   4.00000000e+01   1.75145854e+01   2.00000000e+00]
 [  1.39000000e+02   2.30000000e+02   1.77275407e+01   4.00000000e+00]
 [  2.36000000e+02   2.70000000e+02   1.78502773e+01   5.00000000e+00]
 [  2.28000000e+02   2.55000000e+02   1.81356858e+01   8.00000000e+00]
 [  2.60000000e+01   2.50000000e+02   1.89890811e+01   3.00000000e+00]
 [  1.21000000e+02   1.51000000e+02   1.90796777e+01   2.00000000e+00]
 [  1.73000000e+02   2.43000000e+02   1.95419958e+01   4.00000000e+00]
 [  2.11000000e+02   2.45000000e+02   1.96805539e+01   6.00000000e+00]
 [  1.58000000e+02   2.53000000e+02   1.97360761e+01   5.00000000e+00]
 [  1.18000000e+02   2.64000000e+02   2.11067501e+01   6.00000000e+00]
 [  1.49000000e+02   2.26000000e+02   2.15828798e+01   3.00000000e+00]
 [  2.42000000e+02   2.65000000e+02   2.16580516e+01   5.00000000e+00]
 [  4.50000000e+01   2.02000000e+02   2.16970574e+01   3.00000000e+00]
 [  1.54000000e+02   2.54000000e+02   2.18687951e+01   3.00000000e+00]
 [  1.22000000e+02   2.46000000e+02   2.23021232e+01   4.00000000e+00]
 [  2.25000000e+02   2.31000000e+02   2.30882394e+01   7.00000000e+00]
 [  2.48000000e+02   2.61000000e+02   2.34218573e+01   9.00000000e+00]
 [  4.00000000e+00   2.82000000e+02   2.41492588e+01   5.00000000e+00]
 [  1.31000000e+02   2.79000000e+02   2.43881262e+01   9.00000000e+00]
 [  5.60000000e+01   2.04000000e+02   2.45883123e+01   3.00000000e+00]
 [  2.33000000e+02   2.88000000e+02   2.50946628e+01   5.00000000e+00]
 [  1.20000000e+01   1.50000000e+01   2.51726002e+01   2.00000000e+00]
 [  2.15000000e+02   2.92000000e+02   2.52638655e+01   1.10000000e+01]
 [  2.23000000e+02   2.73000000e+02   2.63636890e+01   7.00000000e+00]
 [  2.35000000e+02   2.90000000e+02   2.71529980e+01   6.00000000e+00]
 [  2.49000000e+02   2.71000000e+02   2.73882858e+01   4.00000000e+00]
 [  2.63000000e+02   2.67000000e+02   3.00506256e+01   7.00000000e+00]
 [  3.00000000e+00   5.00000000e+00   3.00919690e+01   2.00000000e+00]
 [  2.68000000e+02   2.86000000e+02   3.08177498e+01   9.00000000e+00]
 [  2.56000000e+02   3.01000000e+02   3.21735746e+01   7.00000000e+00]
 [  1.52000000e+02   2.74000000e+02   3.29154037e+01   5.00000000e+00]
 [  9.60000000e+01   2.89000000e+02   3.48848477e+01   4.00000000e+00]
 [  1.66000000e+02   2.75000000e+02   3.51468405e+01   5.00000000e+00]
 [  2.22000000e+02   2.77000000e+02   3.55943282e+01   6.00000000e+00]
 [  2.57000000e+02   2.87000000e+02   3.57412143e+01   9.00000000e+00]
 [  2.03000000e+02   2.83000000e+02   3.59767939e+01   8.00000000e+00]
 [  2.72000000e+02   2.76000000e+02   3.74150959e+01   4.00000000e+00]
 [  2.60000000e+02   2.81000000e+02   3.76263671e+01   4.00000000e+00]
 [  1.40000000e+01   1.96000000e+02   3.76540702e+01   3.00000000e+00]
 [  2.62000000e+02   3.06000000e+02   3.80128899e+01   1.10000000e+01]
 [  2.29000000e+02   2.69000000e+02   3.80616106e+01   5.00000000e+00]
 [  2.66000000e+02   3.02000000e+02   4.03879264e+01   1.00000000e+01]
 [  7.30000000e+01   2.95000000e+02   4.06095112e+01   4.00000000e+00]
 [  2.58000000e+02   2.93000000e+02   4.31376425e+01   7.00000000e+00]
 [  1.80000000e+02   2.80000000e+02   4.53451850e+01   5.00000000e+00]
 [  2.84000000e+02   2.98000000e+02   4.59507845e+01   1.60000000e+01]
 [  2.91000000e+02   2.94000000e+02   4.66717559e+01   1.60000000e+01]
 [  2.51000000e+02   2.59000000e+02   4.71194026e+01   5.00000000e+00]
 [  2.18000000e+02   2.78000000e+02   5.02396532e+01   7.00000000e+00]
 [  2.99000000e+02   3.09000000e+02   5.22131468e+01   1.30000000e+01]
 [  2.85000000e+02   3.00000000e+02   5.23745558e+01   1.20000000e+01]
 [  3.12000000e+02   3.19000000e+02   6.02451035e+01   1.10000000e+01]
 [  3.10000000e+02   3.13000000e+02   6.24919507e+01   1.30000000e+01]
 [  2.97000000e+02   3.17000000e+02   6.30452790e+01   1.20000000e+01]
 [  6.90000000e+01   3.08000000e+02   6.51858965e+01   6.00000000e+00]
 [  2.96000000e+02   3.11000000e+02   6.70233922e+01   1.30000000e+01]
 [  3.07000000e+02   3.25000000e+02   7.03368090e+01   1.70000000e+01]
 [  9.50000000e+01   3.18000000e+02   7.86214653e+01   5.00000000e+00]
 [  3.22000000e+02   3.28000000e+02   8.20764595e+01   2.90000000e+01]
 [  3.04000000e+02   3.32000000e+02   9.08108220e+01   2.60000000e+01]
 [  3.05000000e+02   3.24000000e+02   9.32720891e+01   1.40000000e+01]
 [  3.30000000e+01   3.20000000e+02   9.47410186e+01   6.00000000e+00]
 [  3.21000000e+02   3.30000000e+02   9.48292866e+01   2.20000000e+01]
 [  3.15000000e+02   3.26000000e+02   9.65938005e+01   2.30000000e+01]
 [  3.03000000e+02   3.14000000e+02   9.75753191e+01   5.00000000e+00]
 [  5.30000000e+01   3.29000000e+02   1.15246895e+02   1.30000000e+01]
 [  3.16000000e+02   3.31000000e+02   1.16792270e+02   1.80000000e+01]
 [  3.27000000e+02   3.38000000e+02   1.48546082e+02   3.30000000e+01]
 [  3.23000000e+02   3.39000000e+02   1.60471867e+02   2.80000000e+01]
 [  3.33000000e+02   3.36000000e+02   1.61438101e+02   1.90000000e+01]
 [  3.34000000e+02   3.35000000e+02   1.90817771e+02   5.50000000e+01]
 [  3.37000000e+02   3.42000000e+02   2.23104833e+02   2.40000000e+01]
 [  1.80000000e+01   3.40000000e+02   2.30047518e+02   6.00000000e+00]
 [  3.43000000e+02   3.45000000e+02   3.40547604e+02   5.20000000e+01]
 [  3.41000000e+02   3.47000000e+02   3.60566322e+02   3.70000000e+01]
 [  3.44000000e+02   3.46000000e+02   3.62446352e+02   8.30000000e+01]
 [  3.48000000e+02   3.50000000e+02   6.65149747e+02   4.30000000e+01]
 [  3.49000000e+02   3.51000000e+02   7.12234085e+02   1.35000000e+02]
 [  3.52000000e+02   3.53000000e+02   1.40219187e+03   1.78000000e+02]]